6.940445e-01	
4.910000e-01	
3.750000e-01	
3.059434e-01	
2.464000e-01	
2.225800e-01	
2.178481e-01	
2.154000e-01	
2.144205e-01	
2.142697e-01	
2.137651e-01	
2.120765e-01	
2.078820e-01	
1.954000e-01	
1.861000e-01	
1.788000e-01	
1.730000e-01	
1.678000e-01	
1.631000e-01	
1.585000e-01	
1.540000e-01	
1.493000e-01	
1.447000e-01	
1.428000e-01	
1.408068e-01	
1.390403e-01	
1.379601e-01	
1.374408e-01	
1.373499e-01	
1.369875e-01	
1.366252e-01	
1.362628e-01	
1.359005e-01	
1.355381e-01	
1.351757e-01	
1.348134e-01	
1.344510e-01	
1.340887e-01	
1.337263e-01	
1.333639e-01	
1.330016e-01	
1.326392e-01	
1.322769e-01	
1.319145e-01	
1.315521e-01	
1.311898e-01	
1.308274e-01	
1.304651e-01	
1.301027e-01	
1.297404e-01	
1.286293e-01	
1.266936e-01	
1.228878e-01	
1.173256e-01	
1.108672e-01	
1.047073e-01	
9.896249e-02	
9.725909e-02	
9.632082e-02	
9.612889e-02	
9.593696e-02	
9.574504e-02	
9.555311e-02	
9.536118e-02	
9.516925e-02	
9.497732e-02	
9.478539e-02	
9.459346e-02	
9.440154e-02	
9.420961e-02	
9.401768e-02	
9.382575e-02	
9.363382e-02	
9.344189e-02	
9.324997e-02	
9.305804e-02	
9.286611e-02	
9.267418e-02	
9.248225e-02	
9.229032e-02	
9.209839e-02	
9.190647e-02	
9.171454e-02	
9.152261e-02	
9.133068e-02	
9.113875e-02	
9.094682e-02	
9.075490e-02	
9.056297e-02	
9.037104e-02	
9.017911e-02	
8.998718e-02	
8.979525e-02	
8.960333e-02	
8.941140e-02	
8.921947e-02	
8.800000e-02	
8.538721e-02	
7.284000e-02	
4.450000e-02	
-3.000000e-02	