-5.565340e-01	
-3.535340e-01	
-2.375340e-01	
-1.685340e-01	
-1.088980e-01	
-8.497880e-02	
-7.264120e-02	
-6.464360e-02	
-6.672240e-02	
-7.554100e-02	
-8.528460e-02	
-8.703370e-02	
-7.029929e-02	
-5.789977e-02	
-4.857891e-02	
-4.134917e-02	
-3.545533e-02	
-3.034083e-02	
-2.561657e-02	
-2.103226e-02	
-1.645020e-02	
-1.182147e-02	
-7.164410e-03	
-2.545433e-03	
 1.937978e-03	
 6.172090e-03	
 1.003963e-02	
 1.343045e-02	
 1.625014e-02	
 1.842678e-02	
 1.991574e-02	
 2.070264e-02	
 2.080455e-02	
 2.026948e-02	
 1.868914e-02	
 1.710880e-02	
 1.552845e-02	
 1.394811e-02	
 1.236777e-02	
 1.078743e-02	
 9.207086e-03	
 7.626743e-03	
 6.046401e-03	
 4.466059e-03	
 2.885717e-03	
 1.305375e-03	
-2.749669e-04	
-1.855309e-03	
-3.435651e-03	
 1.786520e-04	
 4.259660e-03	
 9.936020e-03	
 1.460000e-02	
 2.020000e-02	
 2.660000e-02	
 3.280000e-02 	
 3.853751e-02	
 4.750000e-02	
 5.80e-02	
 6.469040e-02	
 6.775380e-02	
 7.002660e-02	
 7.076000e-02	
 6.952370e-02	
 6.828730e-02	
 6.705100e-02	
 6.581470e-02	
 6.457830e-02	
 6.334200e-02	
 6.210570e-02	
 6.086930e-02	
 5.963300e-02	
 5.839670e-02	
 5.716030e-02	
 5.592400e-02	
 5.468770e-02	
 5.345130e-02	
 5.221500e-02	
 5.097870e-02	
 4.974230e-02	
 4.850600e-02	
 4.726970e-02	
 4.603330e-02	
 4.479700e-02	
 4.356070e-02	
 4.232430e-02	
 4.108800e-02	
 3.985170e-02	
 3.861530e-02	
 3.737900e-02	
 3.614270e-02	
 3.490630e-02	
 3.367000e-02	
 3.371250e-02	
 3.667410e-02	
 3.995630e-02	
 4.343000e-02	
 5.062970e-02	
 6.466360e-02	
 9.300000e-02	
 1.675000e-01	