-33.4992 
-65.9589 
-33.1789 
-66.1205 
-32.8586 
-66.2811 
-32.5383 
-66.4404 
-32.218 
-66.5986 
-31.8977 
-66.7558 
-31.5774 
-66.9118 
-31.2571 
-67.0669 
-30.9368 
-67.2209 
-30.6166 
-67.374 
-30.2963 
-67.5261 
-29.976 
-67.6774 
-29.6557 
-67.8277 
-29.3354 
-67.9772 
-29.0151 
-68.1259 
-28.6948 
-68.2738 
-28.3745 
-68.421 
-28.0542 
-68.5674 
-27.7339 
-68.7132 
-27.4136 
-68.8582 
-27.0933 
-69.0027 
-26.773 
-69.1465 
-26.4528 
-69.2898 
-26.1325 
-69.4325 
-25.8122 
-69.5747 
-25.4919 
-69.7165 
-25.1716 
-69.8578 
-24.8513 
-69.9987 
-24.531 
-70.1392 
-24.2107 
-70.2793 
-23.8904 
-70.4191 
-23.5701 
-70.5587 
-23.2498 
-70.6979 
-22.9295 
-70.837 
-22.6092 
-70.9758 
-22.289 
-71.1145 
-21.9687 
-71.253 
-21.6484 
-71.3914 
-21.3281 
-71.5296 
-21.0078 
-71.6677 
-20.6875 
-71.8056 
-20.3672 
-71.9433 
-20.0469 
-72.0808 
-19.7266 
-72.2181 
-19.4063 
-72.3551 
-19.086 
-72.4919 
-18.7657 
-72.6283 
-18.4454 
-72.7645 
-18.1252 
-72.9003 
-17.8049 
-73.0358 
-17.4846 
-73.1709 
-17.1643 
-73.3056 
-16.844 
-73.4399 
-16.5237 
-73.5736 
-16.2034 
-73.7066 
-15.8831 
-73.8389 
-15.5628 
-73.9703 
-15.2425 
-74.1008 
-14.9222 
-74.2302 
-14.6019 
-74.3584 
-14.2816 
-74.4854 
-13.9613 
-74.611 
-13.6411 
-74.7351 
-13.3208 
-74.8577 
-13.0005 
-74.9788 
-12.6802 
-75.0985 
-12.3599 
-75.2171 
-12.0396 
-75.3346 
-11.7193 
-75.4513 
-11.399 
-75.5674 
-11.0787 
-75.683 
-10.7584 
-75.7983 
-10.4381 
-75.9135 
-10.1178 
-76.0287 
-9.79755 
-76.1442 
-9.47725 
-76.2599 
-9.15696 
-76.3757 
-8.83667 
-76.4917 
-8.51638 
-76.6077 
-8.19608 
-76.7238 
-7.87579 
-76.8399 
-7.5555 
-76.9559 
-7.23521 
-77.0718 
-6.91491 
-77.1874 
-6.59462 
-77.3023 
-6.27433 
-77.416 
-5.95404 
-77.5279 
-5.63374 
-77.6375 
-5.31345 
-77.7443 
-4.99316 
-77.8479 
-4.67287 
-77.9479 
-4.35257 
-78.0451 
-4.03228 
-78.1402 
-3.71199 
-78.2343 
-3.3917 
-78.3282 
-3.0714 
-78.4226 
-2.75111 
-78.5145 
-2.43082 
-78.5942 
-2.11053 
-78.6515 
-1.79023 
-78.6763 
-1.46994 
-78.6614 
-1.14965 
-78.6277 
-0.829356 
-78.6108 
-0.509064 
-78.6462 
-0.188771 
-78.7688 
0.131521 
-78.9279 
0.451814 
-79.1172 
0.772106 
-79.7697 
1.0924 
-80.1459 
1.41269 
-80.411 
1.73298 
-80.7322 
2.05328 
-81.0216 
2.37357 
-81.2788 
2.69386 
-81.5342 
3.01415 
-81.7925 
3.33445 
-82.0496 
3.65474 
-82.3017 
3.97503 
-82.5451 
4.29532 
-82.7774 
4.61562 
-83.0005 
4.93591 
-83.2176 
5.2562 
-83.4313 
5.57649 
-83.6425 
5.89679 
-83.8515 
6.21708 
-84.0589 
6.53737 
-84.2647 
6.85766 
-84.4684 
7.17796 
-84.6698 
7.49825 
-84.8688 
7.81854 
-85.0655 
8.13883 
-85.2603 
8.45913 
-85.4536 
8.77942 
-85.6456 
9.09971 
-85.8366 
9.42 
-86.0267 
9.7403 
-86.216 
10.0606 
-86.4046 
10.3809 
-86.5926 
10.7012 
-86.78 
11.0215 
-86.9668 
11.3418 
-87.1529 
11.6621 
-87.3382 
11.9823 
-87.5227 
12.3026 
-87.7066 
12.6229 
-87.8899 
12.9432 
-88.0725 
13.2635 
-88.2547 
13.5838 
-88.4364 
13.9041 
-88.6177 
14.2244 
-88.7987 
14.5447 
-88.9795 
14.865 
-89.1601 
15.1853 
-89.3407 
15.5056 
-89.5214 
15.8259 
-89.702 
16.1461 
-89.8827 
16.4664 
-90.0633 
16.7867 
-90.2439 
17.107 
-90.4245 
17.4273 
-90.6049 
17.7476 
-90.7852 
18.0679 
-90.9654 
18.3882 
-91.1455 
18.7085 
-91.3254 
19.0288 
-91.5052 
19.3491 
-91.6848 
19.6694 
-91.8643 
19.9897 
-92.0436 
20.3099 
-92.2227 
20.6302 
-92.4016 
20.9505 
-92.5803 
21.2708 
-92.7587 
21.5911 
-92.9368 
21.9114 
-93.1145 
22.2317 
-93.2919 
22.552 
-93.469 
22.8723 
-93.6457 
23.1926 
-93.8222 
23.5129 
-93.9983 
23.8332 
-94.1743 
24.1535 
-94.35 
24.4737 
-94.5256 
24.794 
-94.701 
25.1143 
-94.8762 
25.4346 
-95.0513 
25.7549 
-95.2261 
26.0752 
-95.4006 
26.3955 
-95.5749 
26.7158 
-95.7487 
27.0361 
-95.9222 
27.3564 
-96.0952 
27.6767 
-96.2677 
27.997 
-96.4397 
28.3173 
-96.6111 
28.6376 
-96.7818 
28.9578 
-96.9519 
29.2781 
-97.1213 
29.5984 
-97.2899 
29.9187 
-97.4577 
30.239 
-97.6247 
30.5593 
-97.7907 
