-33.4992 
66.3359 
-33.1789 
66.1742 
-32.8586 
66.0137 
-32.5383 
65.8543 
-32.218 
65.6961 
-31.8977 
65.539 
-31.5774 
65.3829 
-31.2571 
65.2278 
-30.9368 
65.0738 
-30.6166 
64.9207 
-30.2963 
64.7686 
-29.976 
64.6173 
-29.6557 
64.467 
-29.3354 
64.3175 
-29.0151 
64.1688 
-28.6948 
64.0209 
-28.3745 
63.8737 
-28.0542 
63.7273 
-27.7339 
63.5816 
-27.4136 
63.4365 
-27.0933 
63.292 
-26.773 
63.1482 
-26.4528 
63.0049 
-26.1325 
62.8622 
-25.8122 
62.72 
-25.4919 
62.5782 
-25.1716 
62.4369 
-24.8513 
62.296 
-24.531 
62.1555 
-24.2107 
62.0154 
-23.8904 
61.8756 
-23.5701 
61.736 
-23.2498 
61.5968 
-22.9295 
61.4578 
-22.6092 
61.3189 
-22.289 
61.1803 
-21.9687 
61.0417 
-21.6484 
60.9033 
-21.3281 
60.7651 
-21.0078 
60.627 
-20.6875 
60.4891 
-20.3672 
60.3514 
-20.0469 
60.2139 
-19.7266 
60.0766 
-19.4063 
59.9396 
-19.086 
59.8028 
-18.7657 
59.6664 
-18.4454 
59.5302 
-18.1252 
59.3944 
-17.8049 
59.2589 
-17.4846 
59.1238 
-17.1643 
58.9891 
-16.844 
58.8548 
-16.5237 
58.7211 
-16.2034 
58.5881 
-15.8831 
58.4558 
-15.5628 
58.3244 
-15.2425 
58.194 
-14.9222 
58.0646 
-14.6019 
57.9363 
-14.2816 
57.8094 
-13.9613 
57.6838 
-13.6411 
57.5596 
-13.3208 
57.437 
-13.0005 
57.3159 
-12.6802 
57.1962 
-12.3599 
57.0777 
-12.0396 
56.9601 
-11.7193 
56.8434 
-11.399 
56.7273 
-11.0787 
56.6117 
-10.7584 
56.4964 
-10.4381 
56.3812 
-10.1178 
56.266 
-9.79755 
56.1505 
-9.47725 
56.0348 
-9.15696 
55.919 
-8.83667 
55.803 
-8.51638 
55.687 
-8.19608 
55.5709 
-7.87579 
55.4548 
-7.5555 
55.3388 
-7.23521 
55.2229 
-6.91491 
55.1073 
-6.59462 
54.9924 
-6.27433 
54.8787 
-5.95404 
54.7669 
-5.63374 
54.6572 
-5.31345 
54.5504 
-4.99316 
54.4469 
-4.67287 
54.3468 
-4.35257 
54.2497 
-4.03228 
54.1545 
-3.71199 
54.0604 
-3.3917 
53.9665 
-3.0714 
53.8721 
-2.75111 
53.7802 
-2.43082 
53.7005 
-2.11053 
53.6432 
-1.79023 
53.6185 
-1.46994 
53.6334 
-1.14965 
53.667 
-0.829356 
53.6839 
-0.509064 
53.6485 
-0.188771 
53.526 
0.131521 
53.3668 
0.451814 
53.1775 
0.772106 
52.525 
1.0924 
52.1488 
1.41269 
51.8837 
1.73298 
51.5626 
2.05328 
51.2731 
2.37357 
51.0159 
2.69386 
50.7605 
3.01415 
50.5022 
3.33445 
50.2451 
3.65474 
49.9931 
3.97503 
49.7497 
4.29532 
49.5174 
4.61562 
49.2942 
4.93591 
49.0771 
5.2562 
48.8634 
5.57649 
48.6523 
5.89679 
48.4432 
6.21708 
48.2358 
6.53737 
48.0301 
6.85766 
47.8263 
7.17796 
47.6249 
7.49825 
47.4259 
7.81854 
47.2292 
8.13883 
47.0344 
8.45913 
46.8411 
8.77942 
46.6491 
9.09971 
46.4581 
9.42 
46.268 
9.7403 
46.0788 
10.0606 
45.8901 
10.3809 
45.7021 
10.7012 
45.5147 
11.0215 
45.3279 
11.3418 
45.1419 
11.6621 
44.9566 
11.9823 
44.772 
12.3026 
44.5881 
12.6229 
44.4049 
12.9432 
44.2222 
13.2635 
44.0401 
13.5838 
43.8584 
13.9041 
43.6771 
14.2244 
43.496 
14.5447 
43.3153 
14.865 
43.1346 
15.1853 
42.954 
15.5056 
42.7734 
15.8259 
42.5927 
16.1461 
42.412 
16.4664 
42.2314 
16.7867 
42.0508 
17.107 
41.8702 
17.4273 
41.6898 
17.7476 
41.5095 
18.0679 
41.3293 
18.3882 
41.1492 
18.7085 
40.9693 
19.0288 
40.7895 
19.3491 
40.6099 
19.6694 
40.4304 
19.9897 
40.2511 
20.3099 
40.072 
20.6302 
39.8931 
20.9505 
39.7144 
21.2708 
39.536 
21.5911 
39.358 
21.9114 
39.1802 
22.2317 
39.0028 
22.552 
38.8257 
22.8723 
38.649 
23.1926 
38.4725 
23.5129 
38.2964 
23.8332 
38.1204 
24.1535 
37.9447 
24.4737 
37.7692 
24.794 
37.5938 
25.1143 
37.4185 
25.4346 
37.2435 
25.7549 
37.0686 
26.0752 
36.8941 
26.3955 
36.7199 
26.7158 
36.546 
27.0361 
36.3725 
27.3564 
36.1995 
27.6767 
36.027 
27.997 
35.855 
28.3173 
35.6836 
28.6376 
35.5129 
28.9578 
35.3428 
29.2781 
35.1734 
29.5984 
35.0048 
29.9187 
34.837 
30.239 
34.6701 
30.5593 
34.504 
