-0.866
-0.708281
-0.57025
-0.450594
-0.348
-0.261156
-0.18875
-0.129469
-0.0820153
-0.0441601
-0.0071784
0.0118014
0.0161024
0.0164118
0.0165305
0.0164972
0.0164072
0.0163136
0.0162155
0.0161122
0.0160045
0.0158924
0.015776
0.0156554
0.0155308
0.0154023
0.01527
0.015134
0.0149944
0.0148512
0.0147046
0.0145545
0.0144012
0.0142446
0.0140847
0.0139217
0.0137555
0.0135863
0.013414
0.0132388
0.0130605
0.0128793
0.0126952
0.0125082
0.0123183
0.0121256
0.0119302
0.0117319
0.0115309
0.0113271
0.0111207
0.0109116
0.0106998
0.0104854
0.0102684
0.0100489
0.00982679
0.00960222
0.00937519
0.00914574
0.00891389
0.00867969
0.00844319
0.00820442
0.00796343
0.00772027
0.00747498
0.00722761
0.00697822
0.00672687
0.0064736
0.00621849
0.00596158
0.00570294
0.00544264
0.00518073
0.0049173
0.0046524
0.00438612
0.00411852
0.00384967
0.00357966
0.00330856
0.00303644
0.0027634
0.00248951
0.00221484
0.0019395
0.00166355
0.00138708
0.00111019
0.00083294
0.00055544
0.00027776
-1.371e-13
-0.0002778
-0.0005554
-0.0008329
-0.0011102
-0.0013871
-0.0016636
-0.0019395
-0.0022148
-0.0024895
-0.0027634
-0.0030364
-0.0033086
-0.0035797
-0.0038497
-0.0041185
-0.0043861
-0.0046524
-0.0049173
-0.0051807
-0.0054426
-0.0057029
-0.0059616
-0.0062185
-0.0064736
-0.0067269
-0.0069782
-0.0072276
-0.007475
-0.0077203
-0.0079634
-0.0082044
-0.0084432
-0.0086797
-0.0089139
-0.0091457
-0.0093752
-0.0096022
-0.0098268
-0.0100489
-0.0102684
-0.0104854
-0.0106998
-0.0109116
-0.0111207
-0.0113271
-0.0115309
-0.0117319
-0.0119302
-0.0121256
-0.0123183
-0.0125082
-0.0126952
-0.0128793
-0.0130605
-0.0132388
-0.013414
-0.0135863
-0.0137555
-0.0139217
-0.0140847
-0.0142446
-0.0144012
-0.0145545
-0.0147046
-0.0148512
-0.0149944
-0.015134
-0.01527
-0.0154023
-0.0155308
-0.0156554
-0.015776
-0.0158924
-0.0160045
-0.0161123
-0.0162155
-0.0163128
-0.0164115
-0.0164113
-0.0156522
-0.0139591
-0.0111537
-0.0070806
-0.0022606
0.00386667
0.0115055
0.0198562
0.0318342
0.0459096
0.06232
0.08125
0.10288
0.12739
0.15496
0.18577
0.22
0.25783
0.29944
0.34501
0.39472
0.44875
0.50728
0.57049
0.63856
0.71167
0.79
